# Created by Octave 9.2.0, Thu Sep 05 08:12:16 2024 GMT <unknown@PRJ-HUSEYIN>
# name: q_fs
# type: cell
# rows: 5
# columns: 2
# name: <cell-element>
# type: matrix
# rows: 1
# columns: 2
 0.0015555069369955694 -0.0015381265236364449


# name: <cell-element>
# type: matrix
# rows: 1
# columns: 3
 1.7534628984383402e-05 0.0011983351983453504 -0.00029928978491679145


# name: <cell-element>
# type: matrix
# rows: 1
# columns: 4
 -1.597955885452931e-07 2.2283109580894143e-05 0.001161012226737304 -0.00024043546885324461


# name: <cell-element>
# type: matrix
# rows: 1
# columns: 5
 2.0156571888015154e-07 -8.1717627791852504e-06 0.00012405755497777045 0.00072439134910122407 0.00012302831233299637


# name: <cell-element>
# type: matrix
# rows: 1
# columns: 6
 -7.1564009270300548e-09 5.5335160028388293e-07 -1.4285407332731074e-05 0.0001683254281911854 0.00060674662065237207 0.00017961998439595118



# name: <cell-element>
# type: matrix
# rows: 1
# columns: 2
 0.0014536259720851243 -0.0014640749101747196


# name: <cell-element>
# type: matrix
# rows: 1
# columns: 3
 1.9920057787783418e-05 0.0010272982361513433 5.9348383934987781e-05


# name: <cell-element>
# type: matrix
# rows: 1
# columns: 4
 2.072802935231737e-07 1.3367431572636912e-05 0.0010821071782129855 -3.071430349320037e-05


# name: <cell-element>
# type: matrix
# rows: 1
# columns: 5
 1.9562871270621193e-08 -6.1204373906171268e-07 2.4318287906423802e-05 0.0010327438559713585 1.2774534090913538e-05


# name: <cell-element>
# type: matrix
# rows: 1
# columns: 6
 5.4483418152100914e-10 -8.8912618341728717e-09 -8.6576310741995402e-08 2.0280285532897015e-05 0.001044064553549657 7.0015184772366456e-06





