# Created by Octave 9.2.0, Wed Sep 04 10:45:42 2024 GMT <unknown@PRJ-HUSEYIN>
# name: f_fs
# type: cell
# rows: 5
# columns: 2
# name: <cell-element>
# type: matrix
# rows: 1
# columns: 2
 2.1800047262975105e-08 0.15046796849423963


# name: <cell-element>
# type: matrix
# rows: 1
# columns: 3
 1.3331069466135662e-16 -6.8372752966470543e-09 1.2619262226478993


# name: <cell-element>
# type: matrix
# rows: 1
# columns: 4
 7.7312011070703122e-25 -1.0343643368394775e-16 1.2730165626791777e-08 0.94188086932469739


# name: <cell-element>
# type: matrix
# rows: 1
# columns: 5
 3.4081884704836006e-33 -5.8883851478641801e-25 7.1615525095485743e-17 5.1273346409606871e-09 1.001300749628631


# name: <cell-element>
# type: matrix
# rows: 1
# columns: 6
 -8.463084268253506e-42 7.5792102292394813e-33 -1.3186078303423579e-24 1.2482701107577674e-16 3.7316402702356901e-09 1.0066824570275907



# name: <cell-element>
# type: matrix
# rows: 1
# columns: 2
 1.1834801220773163e-08 0.19694176354429133


# name: <cell-element>
# type: matrix
# rows: 1
# columns: 3
 3.7082036150250203e-17 -2.7203289438016515e-09 1.2259627144105709


# name: <cell-element>
# type: matrix
# rows: 1
# columns: 4
 1.0878566801421805e-25 -2.3865221369438759e-17 6.4744311556326052e-09 0.95322835814454776


# name: <cell-element>
# type: matrix
# rows: 1
# columns: 5
 3.093022545601626e-34 -1.1737543120127354e-25 2.9359413986489294e-17 2.2273281751149498e-09 1.0152761172354061


# name: <cell-element>
# type: matrix
# rows: 1
# columns: 6
 1.6281500982022541e-42 -1.1550346175864387e-33 3.4995694506049394e-25 -3.2797375154738421e-17 5.2095078252379417e-09 0.99310624809445136





# name: q_fs
# type: cell
# rows: 5
# columns: 2
# name: <cell-element>
# type: matrix
# rows: 1
# columns: 2
 0.00099600551070558123 -0.0023337443801166764


# name: <cell-element>
# type: matrix
# rows: 1
# columns: 3
 1.5628332551698391e-05 0.00049984423885317437 0.00032763434086724495


# name: <cell-element>
# type: matrix
# rows: 1
# columns: 4
 2.4004087100670189e-07 4.4326269716397693e-06 0.00063851765003638866 -7.9104341406625393e-06


# name: <cell-element>
# type: matrix
# rows: 1
# columns: 5
 -4.4755826163628387e-11 2.4279546063136017e-07 4.3784344247713038e-06 0.00063887739120075347 -8.3697270519657553e-06


# name: <cell-element>
# type: matrix
# rows: 1
# columns: 6
 1.8340466605132183e-10 -1.4094294061687226e-08 6.2352279648943834e-07 8.8044975769975151e-08 0.00065642153102199018 -2.089709216500221e-05



# name: <cell-element>
# type: matrix
# rows: 1
# columns: 2
 0.0014540484820364306 -0.0017542251012310211


# name: <cell-element>
# type: matrix
# rows: 1
# columns: 3
 2.4434477327558949e-05 0.00092839951730625079 0.00014185680402956156


# name: <cell-element>
# type: matrix
# rows: 1
# columns: 4
 3.9715428843262199e-07 1.1845485314939121e-05 0.0010341178276633311 -3.236214693926448e-05


# name: <cell-element>
# type: matrix
# rows: 1
# columns: 5
 1.8148727269540907e-08 -3.644178749306415e-07 2.2049915406023059e-05 0.00098800564464013741 8.0986368154971373e-06


# name: <cell-element>
# type: matrix
# rows: 1
# columns: 6
 -4.1371959103485307e-10 3.9773716350872167e-08 -7.6420052715664364e-07 2.5125476470372903e-05 0.00097938301163602364 1.244039816106014e-05





